1,1,121.28,334.51,133.89,59.5,1,1,1.0
1,2,209.09,251.45,93.9,40.55000000000001,1,1,1.0
1,3,735.57,269.57,70.0,35.72000000000003,1,1,1.0
2,1,99.66,336.3,133.89000000000001,59.5,1,1,1.0
2,2,209.08,251.66,93.91,40.54999999999998,1,1,1.0
2,3,721.68,271.1,70.0,35.72999999999996,1,1,1.0
3,1,74.06,341.06,137.45,59.5,1,1,1.0
3,2,209.08,251.88,93.91,40.55000000000001,1,1,1.0
3,3,709.84,272.64,70.0,35.73000000000002,1,1,1.0
4,1,49.05,344.63,142.85000000000002,60.670000000000016,1,1,1.0
4,2,209.08,252.09,93.91,40.54999999999998,1,1,1.0
4,3,695.95,274.19,70.0,35.73000000000002,1,1,1.0
5,1,22.86,349.4,149.44,61.860000000000014,1,1,1.0
5,2,209.08,252.3,93.91,40.55000000000001,1,1,1.0
5,3,681.02,277.79,70.0,35.72999999999996,1,1,1.0
6,1,0.0,351.79,149.18,65.00999999999999,1,1,1.0
6,2,209.08,252.52,93.91,40.54999999999998,1,1,1.0
6,3,667.13,278.82,74.07000000000005,35.73000000000002,1,1,1.0
7,1,0.0,355.78,122.11,65.01000000000005,1,1,1.0
7,2,209.08,252.73,93.91,40.54999999999998,1,1,1.0
7,3,651.69,280.4,76.1099999999999,37.24000000000001,1,1,1.0
8,1,0.0,360.56,99.8,67.44,1,1,1.0
8,2,209.08,252.94,93.91,40.55000000000001,1,1,1.0
8,3,636.25,282.5,78.14999999999998,38.23000000000002,1,1,1.0
9,1,0.0,363.7,76.7,59.5,1,1,1.0
9,2,209.08,253.16,93.91,40.54999999999998,1,1,1.0
9,3,621.84,284.6,81.25999999999999,39.20999999999998,1,1,1.0
10,1,0.0,369.3,53.6,55.49000000000001,1,1,1.0
10,2,209.08,253.37,93.91,40.55000000000001,1,1,1.0
10,3,605.37,286.1,82.33000000000004,40.289999999999964,1,1,1.0
11,1,0.0,378.0,28.9,51.80000000000001,1,1,1.0
11,2,209.08,253.58,93.91,40.54999999999998,1,1,1.0
11,3,590.45,288.67,83.84999999999991,40.289999999999964,1,1,1.0
12,2,209.08,253.62,93.91,40.55000000000001,1,1,1.0
12,3,576.04,291.25,84.86000000000001,40.27999999999997,1,1,1.0
13,2,209.08,253.65,93.91,40.54999999999998,1,1,1.0
13,3,558.52,293.1,87.58000000000004,41.19999999999999,1,1,1.0
14,2,209.08,253.69,93.91,40.55000000000001,1,1,1.0
14,3,542.84,294.94,87.57999999999993,41.19999999999999,1,1,1.0
15,2,209.08,253.73,93.91,40.54999999999998,1,1,1.0
15,3,528.08,298.6,88.51999999999998,42.14999999999998,1,1,1.0
16,2,209.08,253.76,93.91,40.55000000000001,1,1,1.0
16,3,509.64,301.37,93.06000000000006,42.14999999999998,1,1,1.0
17,2,209.08,253.8,93.91,40.55000000000001,1,1,1.0
17,3,493.03,304.1,93.07000000000005,43.10999999999996,1,1,1.0
18,2,209.08,253.83,93.91,40.54999999999998,1,1,1.0
18,3,474.59,305.0,95.81,45.89999999999998,1,1,1.0
19,2,209.08,253.87,93.91,40.55000000000001,1,1,1.0
19,3,457.07,307.8,96.72999999999996,46.789999999999964,1,1,1.0
20,2,209.08,253.9,93.91,40.54999999999998,1,1,1.0
20,3,440.46,310.57,95.83999999999997,46.79000000000002,1,1,1.0
21,2,209.08,253.94,93.91,40.55000000000001,1,1,1.0
21,3,422.94,314.3,100.45999999999998,48.589999999999975,1,1,1.0
22,2,209.08,253.97,93.91,40.54999999999998,1,1,1.0
22,3,404.37,315.73,101.93,48.589999999999975,1,1,1.0
23,2,209.08,254.01,93.91,40.55000000000001,1,1,1.0
23,3,387.23,320.01,103.37,48.59000000000003,1,1,1.0
24,2,209.08,254.05,93.91,40.55000000000001,1,1,1.0
24,3,367.23,322.87,104.76999999999998,48.589999999999975,1,1,1.0
25,2,209.08,254.08,93.91,40.54999999999998,1,1,1.0
25,3,348.66,327.2,109.03999999999996,49.97000000000003,1,1,1.0
26,2,209.08,254.12,93.91,40.55000000000001,1,1,1.0
26,3,330.08,331.5,109.05000000000001,51.389999999999986,1,1,1.0
27,2,209.08,254.15,93.91,40.54999999999998,1,1,1.0
27,3,308.66,334.36,111.94,51.389999999999986,1,1,1.0
28,2,209.08,254.19,93.91,40.55000000000001,1,1,1.0
28,3,288.66,337.2,114.83999999999997,55.69,1,1,1.0
29,2,209.08,254.22,93.91,40.54999999999998,1,1,1.0
29,3,265.8,341.49,119.09999999999997,55.69,1,1,1.0
30,2,209.08,254.26,93.91,40.55000000000001,1,1,1.0
30,3,245.8,342.92,119.09999999999997,55.69,1,1,1.0
31,2,209.08,254.29,93.91,40.54999999999998,1,1,1.0
31,3,222.94,347.2,123.36000000000001,57.120000000000005,1,1,1.0
32,2,209.08,254.33,93.91,40.54999999999998,1,1,1.0
32,3,200.08,351.5,126.22,58.52999999999997,1,1,1.0
33,2,209.08,254.37,93.91,40.55000000000001,1,1,1.0
33,3,175.8,354.36,130.5,58.52999999999997,1,1,1.0
34,2,209.08,254.4,93.91,40.54999999999998,1,1,1.0
34,3,150.08,360.07,136.22,58.53000000000003,1,1,1.0
35,2,209.08,254.44,93.91,40.55000000000001,1,1,1.0
35,3,127.22,362.93,137.98,58.52999999999997,1,1,1.0
36,2,209.08,254.47,93.91,40.54999999999998,1,1,1.0
36,3,99.13,367.8,144.67000000000002,61.93000000000001,1,1,1.0
37,2,209.08,254.51,93.91,40.55000000000001,1,1,1.0
37,3,74.33,371.1,147.97000000000003,65.23999999999995,1,1,1.0
38,2,209.08,254.54,93.91,40.54999999999998,1,1,1.0
38,3,43.35,373.3,156.85,69.68,1,1,1.0
39,2,209.08,254.58,93.91,40.54999999999998,1,1,1.0
39,3,19.01,375.51,156.85000000000002,69.68,1,1,1.0
40,2,209.08,254.61,93.91,40.55000000000001,1,1,1.0
40,3,0.0,382.15,151.5,69.68,1,1,1.0
41,2,209.08,254.65,93.91,40.54999999999998,1,1,1.0
41,3,0.0,386.58,129.4,69.67000000000002,1,1,1.0
42,2,209.08,254.69,93.91,40.55000000000001,1,1,1.0
42,3,0.0,393.21,100.6,69.68,1,1,1.0
43,2,209.08,254.72,93.91,40.54999999999998,1,1,1.0
43,3,0.0,393.21,76.3,69.68,1,1,1.0
44,2,209.08,254.76,93.91,40.55000000000001,1,1,1.0
44,3,0.0,404.33,52.0,65.19999999999999,1,1,1.0
45,2,209.08,254.79,93.91,40.54999999999998,1,1,1.0
45,3,0.0,406.5,23.2,63.02999999999997,1,1,1.0
46,2,209.08,254.83,93.91,40.54999999999998,1,1,1.0
47,2,209.08,254.86,93.91,40.55000000000001,1,1,1.0
48,2,209.08,254.9,93.91,40.54999999999998,1,1,1.0
49,2,209.08,254.93,93.91,40.55000000000001,1,1,1.0
50,2,209.08,254.97,93.91,40.54999999999998,1,1,1.0
51,2,209.08,255.01,93.91,40.55000000000001,1,1,1.0
52,2,209.08,255.04,93.91,40.54999999999998,1,1,1.0
53,2,209.08,255.08,93.91,40.54999999999998,1,1,1.0
54,2,209.08,255.11,93.91,40.55000000000001,1,1,1.0
55,2,209.08,255.15,93.91,40.54999999999998,1,1,1.0
56,2,209.08,255.18,93.91,40.55000000000001,1,1,1.0
57,2,209.08,255.22,93.91,40.54999999999998,1,1,1.0
58,2,209.08,255.25,93.91,40.55000000000001,1,1,1.0
59,2,209.08,255.29,93.91,40.54999999999998,1,1,1.0
60,2,209.08,255.33,93.91,40.54999999999998,1,1,1.0
61,2,209.08,255.36,93.91,40.55000000000001,1,1,1.0
62,2,209.08,255.4,93.91,40.54999999999998,1,1,1.0
63,2,209.08,255.43,93.91,40.55000000000001,1,1,1.0
63,4,897.67,231.18,62.33000000000004,66.38,1,1,1.0
64,2,209.08,255.47,93.91,40.54999999999998,1,1,1.0
64,4,893.2,231.18,66.59999999999991,66.38,1,1,1.0
65,2,209.08,255.5,93.91,40.55000000000001,1,1,1.0
65,4,886.8,231.18,73.20000000000005,66.38,1,1,1.0
66,2,209.08,255.54,93.91,40.54999999999998,1,1,1.0
66,4,882.1,231.18,77.69999999999993,66.38,1,1,1.0
67,2,209.08,255.57,93.91,40.55000000000001,1,1,1.0
67,4,873.2,231.18,86.59999999999991,70.51999999999998,1,1,1.0
68,2,209.08,255.61,93.91,40.55000000000001,1,1,1.0
68,4,867.2,231.18,92.59999999999991,74.71999999999997,1,1,1.0
69,2,209.08,255.65,93.91,40.54999999999998,1,1,1.0
69,4,861.2,231.18,98.59999999999991,74.71999999999997,1,1,1.0
70,2,209.08,255.68,93.91,40.55000000000001,1,1,1.0
70,4,855.2,231.18,104.59999999999991,74.71999999999997,1,1,1.0
71,2,209.08,255.72,93.91,40.54999999999998,1,1,1.0
71,4,848.1,231.18,111.69999999999993,74.71999999999997,1,1,1.0
72,2,209.05,255.68,93.90999999999997,40.55000000000001,1,1,1.0
72,4,840.4,231.18,119.39999999999998,81.21999999999997,1,1,1.0
73,2,209.01,255.65,93.91000000000003,40.54999999999998,1,1,1.0
73,4,835.0,231.18,124.79999999999995,81.21999999999997,1,1,1.0
74,2,208.98,255.61,93.9,40.55000000000001,1,1,1.0
74,4,827.3,231.18,132.5,85.42000000000002,1,1,1.0
75,2,208.94,255.57,93.91000000000003,40.55000000000001,1,1,1.0
75,4,819.0,231.18,140.79999999999995,85.42000000000002,1,1,1.0
76,2,208.91,255.54,93.9,40.54999999999998,1,1,1.0
76,4,810.7,231.18,149.0999999999999,89.62,1,1,1.0
77,2,208.87,255.5,93.90999999999997,40.55000000000001,1,1,1.0
77,4,803.6,231.18,156.19999999999993,89.62,1,1,1.0
78,2,208.84,255.47,93.9,40.54999999999998,1,1,1.0
78,4,794.7,231.18,163.89999999999998,93.21999999999997,1,1,1.0
79,2,208.8,255.43,93.90999999999997,40.55000000000001,1,1,1.0
79,4,787.6,234.7,165.60000000000002,90.90000000000003,1,1,1.0
80,2,208.77,255.4,93.9,40.54999999999998,1,1,1.0
80,4,779.26,236.49,165.60000000000002,90.89999999999998,1,1,1.0
81,2,208.73,255.36,93.91,40.55000000000001,1,1,1.0
81,4,772.71,239.46,165.5999999999999,90.9,1,1,1.0
82,2,208.69,255.33,93.91000000000003,40.54999999999998,1,1,1.0
82,4,763.78,239.46,171.51999999999998,90.9,1,1,1.0
83,2,208.66,255.29,93.9,40.54999999999998,1,1,1.0
83,4,754.14,239.65,175.31000000000006,93.47,1,1,1.0
84,2,208.62,255.25,93.90999999999997,40.55000000000001,1,1,1.0
84,4,744.49,239.83,179.11,96.03999999999999,1,1,1.0
85,2,208.59,255.22,93.9,40.54999999999998,1,1,1.0
85,4,734.85,240.02,182.89999999999998,98.60999999999999,1,1,1.0
86,2,208.55,255.18,93.90999999999997,40.55000000000001,1,1,1.0
86,4,725.2,240.2,186.69999999999993,101.19,1,1,1.0
86,5,698.41,263.33,33.06000000000006,30.75999999999999,1,1,1.0
87,2,208.52,255.15,93.9,40.54999999999998,1,1,1.0
87,4,715.48,241.48,190.36,101.66,1,1,1.0
87,5,687.19,263.87,38.90999999999997,30.909999999999968,1,1,1.0
88,2,208.48,255.11,93.91,40.55000000000001,1,1,1.0
88,4,705.75,242.76,194.02999999999997,102.13,1,1,1.0
88,5,675.96,264.4,44.75999999999999,31.07000000000005,1,1,1.0
89,2,208.45,255.08,93.90000000000003,40.54999999999998,1,1,1.0
89,4,696.03,244.04,197.69000000000005,102.60999999999999,1,1,1.0
89,5,664.74,264.93,50.610000000000014,31.230000000000018,1,1,1.0
90,2,208.41,255.04,93.91,40.54999999999998,1,1,1.0
90,4,686.3,245.32,201.36,103.07999999999998,1,1,1.0
90,5,653.51,265.47,56.460000000000036,31.379999999999995,1,1,1.0
91,2,208.37,255.01,93.90999999999997,40.55000000000001,1,1,1.0
91,4,676.58,246.6,205.01999999999998,103.54999999999998,1,1,1.0
91,5,642.29,266.0,62.31000000000006,31.55000000000001,1,1,1.0
92,2,208.34,254.97,93.9,40.54999999999998,1,1,1.0
92,4,665.48,247.24,208.43999999999994,106.32999999999998,1,1,1.0
92,5,629.52,266.54,66.32000000000005,31.539999999999964,1,1,1.0
93,2,208.3,254.93,93.90999999999997,40.55000000000001,1,1,1.0
93,4,654.38,247.88,211.86,109.10000000000002,1,1,1.0
93,5,616.76,267.08,70.32000000000005,31.54000000000002,1,1,1.0
94,2,208.27,254.9,93.9,40.54999999999998,1,1,1.0
94,4,643.28,248.52,215.27999999999997,111.87999999999997,1,1,1.0
94,5,604.0,267.61,74.32000000000005,31.55000000000001,1,1,1.0
95,2,208.23,254.86,93.91,40.55000000000001,1,1,1.0
95,4,632.19,249.16,218.68999999999994,114.65,1,1,1.0
95,5,591.24,268.15,78.31999999999994,31.55000000000001,1,1,1.0
96,2,208.2,254.83,93.90000000000003,40.54999999999998,1,1,1.0
96,4,621.09,249.8,222.11,117.43,1,1,1.0
96,5,578.47,268.69,82.32999999999993,31.55000000000001,1,1,1.0
97,2,208.16,254.79,93.91,40.54999999999998,1,1,1.0
97,4,608.71,251.72,226.37,118.70000000000002,1,1,1.0
97,5,565.51,269.51,84.88999999999999,31.55000000000001,1,1,1.0
98,2,208.13,254.76,93.89999999999998,40.55000000000001,1,1,1.0
98,4,596.33,253.64,230.63,119.98000000000002,1,1,1.0
98,5,552.54,270.34,87.46000000000004,31.54000000000002,1,1,1.0
99,2,208.09,254.72,93.91,40.54999999999998,1,1,1.0
99,4,583.96,255.56,234.88,121.25,1,1,1.0
99,5,539.57,271.16,90.02999999999997,31.549999999999955,1,1,1.0
100,2,208.05,254.68,93.90999999999997,40.56,1,1,1.0
100,4,571.58,257.48,239.14,122.52999999999997,1,1,1.0
100,5,526.6,271.99,92.60000000000002,31.539999999999964,1,1,1.0
101,2,208.02,254.65,93.9,40.54999999999998,1,1,1.0
101,4,559.2,259.4,243.39999999999998,123.80000000000001,1,1,1.0
101,5,513.63,272.81,95.16999999999996,31.54000000000002,1,1,1.0
102,2,208.02,254.65,94.11999999999998,40.54999999999998,1,1,1.0
102,4,545.49,260.54,247.97000000000003,126.65999999999997,1,1,1.0
102,5,499.76,272.97,95.16999999999996,32.339999999999975,1,1,1.0
103,2,208.02,254.65,94.34,40.54999999999998,1,1,1.0
103,4,531.77,261.68,252.55000000000007,129.51999999999998,1,1,1.0
103,5,485.89,273.13,95.16999999999996,33.139999999999986,1,1,1.0
104,2,208.02,254.65,94.55999999999997,40.54999999999998,1,1,1.0
104,4,518.06,262.82,257.12,132.38,1,1,1.0
104,5,472.02,273.28,95.17000000000007,33.940000000000055,1,1,1.0
105,2,208.02,254.65,94.77000000000001,40.54999999999998,1,1,1.0
105,4,504.34,263.96,261.7,135.24,1,1,1.0
105,5,458.15,273.44,95.17000000000007,34.74000000000001,1,1,1.0
106,2,208.02,254.65,94.98999999999998,40.54999999999998,1,1,1.0
106,4,490.63,265.1,266.27,138.09999999999997,1,1,1.0
106,5,444.28,273.6,95.17000000000007,35.539999999999964,1,1,1.0
107,2,208.02,254.65,95.21000000000001,40.54999999999998,1,1,1.0
107,4,474.56,267.4,272.40000000000003,140.01000000000005,1,1,1.0
107,5,430.2,274.46,97.30000000000001,35.74000000000001,1,1,1.0
108,2,208.02,254.65,95.42999999999998,40.54999999999998,1,1,1.0
108,4,458.5,269.7,278.52,141.91000000000003,1,1,1.0
108,5,416.11,275.32,99.43999999999994,35.94999999999999,1,1,1.0
109,2,208.02,254.65,95.64000000000001,40.54999999999998,1,1,1.0
109,4,442.43,272.0,284.65000000000003,143.82,1,1,1.0
109,5,402.02,276.18,101.58000000000004,36.15999999999997,1,1,1.0
110,2,208.02,254.65,95.85999999999999,40.54999999999998,1,1,1.0
110,4,426.37,274.3,290.77,145.72999999999996,1,1,1.0
110,5,387.94,277.04,103.70999999999998,36.370000000000005,1,1,1.0
111,2,208.02,254.65,96.08000000000001,40.54999999999998,1,1,1.0
111,4,410.31,276.6,296.89000000000004,147.64,1,1,1.0
111,5,373.85,277.9,105.84999999999997,36.57000000000005,1,1,1.0
111,6,923.93,214.6,36.07000000000005,55.33000000000001,1,1,1.0
112,2,208.09,254.69,96.01000000000002,40.55000000000001,1,1,1.0
112,4,390.14,277.74,307.0,151.46999999999997,1,1,1.0
112,5,359.1,278.75,106.51999999999998,36.579999999999984,1,1,1.0
112,6,918.95,215.06,41.049999999999955,55.339999999999975,1,1,1.0
113,2,208.16,254.73,95.94000000000003,40.54999999999998,1,1,1.0
113,4,369.98,278.88,317.1,155.3,1,1,1.0
113,5,344.4,279.61,107.14000000000004,36.56999999999999,1,1,1.0
113,7,580.0,259.43,97.70000000000005,25.170000000000016,1,1,1.0
113,6,913.97,215.52,46.02999999999997,55.34,1,1,1.0
114,2,208.23,254.77,95.87000000000003,40.54999999999998,1,1,1.0
114,4,349.82,280.02,327.2,159.13,1,1,1.0
114,5,330.2,280.46,107.25999999999999,36.56999999999999,1,1,1.0
114,7,568.93,259.65,96.1400000000001,26.82000000000005,1,1,1.0
114,6,908.99,215.98,51.00999999999999,55.34,1,1,1.0
115,2,208.3,254.81,95.80000000000001,40.55000000000001,1,1,1.0
115,4,329.66,281.16,337.3,162.96999999999997,1,1,1.0
115,5,315.2,281.32,108.18,36.56999999999999,1,1,1.0
115,7,557.87,259.88,94.55999999999995,28.44999999999999,1,1,1.0
115,6,904.01,216.44,55.99000000000001,55.339999999999975,1,1,1.0
116,2,208.37,254.85,95.71999999999997,40.54999999999998,1,1,1.0
116,4,309.49,282.3,347.40999999999997,166.8,1,1,1.0
116,5,298.6,282.17,110.69999999999999,36.56999999999999,1,1,1.0
116,7,546.8,260.1,93.0,30.099999999999966,1,1,1.0
116,6,899.03,216.9,60.97000000000003,55.34,1,1,1.0
117,2,208.45,254.88,95.63999999999999,40.56,1,1,1.0
117,4,290.62,283.94,354.43999999999994,171.41000000000003,1,1,1.0
117,5,283.7,282.17,109.60000000000002,36.56999999999999,1,1,1.0
117,7,527.75,261.16,98.52999999999997,31.359999999999957,1,1,1.0
117,6,894.05,217.36,65.95000000000005,55.339999999999975,1,1,1.0
118,2,208.52,254.92,95.56999999999996,40.55000000000004,1,1,1.0
118,4,271.74,285.58,361.48,176.02000000000004,1,1,1.0
118,5,267.2,282.6,113.30000000000001,37.299999999999955,1,1,1.0
118,7,508.7,262.22,104.06,32.61999999999995,1,1,1.0
118,6,889.07,217.83,70.92999999999995,55.33000000000001,1,1,1.0
119,2,208.59,254.96,95.49999999999997,40.54999999999998,1,1,1.0
119,4,252.86,287.22,368.52,180.63,1,1,1.0
119,5,252.6,284.3,113.29999999999998,40.0,1,1,1.0
119,7,494.1,263.28,105.13999999999999,33.88000000000005,1,1,1.0
119,6,884.09,218.29,72.20999999999992,55.33000000000001,1,1,1.0
120,2,208.66,255.0,95.42999999999998,40.55000000000001,1,1,1.0
120,4,233.99,288.86,375.54999999999995,185.24,1,1,1.0
120,5,236.92,285.22,113.30000000000004,40.0,1,1,1.0
120,7,479.5,264.34,106.22000000000003,35.14000000000004,1,1,1.0
120,6,879.11,218.75,73.49000000000001,55.339999999999975,1,1,1.0
121,2,208.73,255.04,95.35999999999999,40.54999999999998,1,1,1.0
121,4,215.11,290.5,382.59000000000003,189.85000000000002,1,1,1.0
121,5,221.24,285.22,113.30000000000001,40.0,1,1,1.0
121,7,464.9,265.4,107.30000000000007,36.400000000000034,1,1,1.0
121,6,874.13,219.21,74.76999999999998,55.34,1,1,1.0
122,2,208.8,255.08,95.28999999999996,40.54999999999998,1,1,1.0
122,4,190.43,293.24,393.57,193.95999999999998,1,1,1.0
122,5,203.9,286.88,114.95000000000002,40.19,1,1,1.0
122,7,450.23,266.2,108.26999999999998,37.360000000000014,1,1,1.0
122,6,868.22,219.49,75.61000000000001,55.610000000000014,1,1,1.0
123,2,208.87,255.12,95.21999999999997,40.55000000000001,1,1,1.0
123,4,165.76,295.98,404.53999999999996,198.07999999999998,1,1,1.0
123,5,186.56,288.53,116.60000000000002,40.38000000000005,1,1,1.0
123,7,435.57,267.0,109.22999999999996,38.31999999999999,1,1,1.0
123,6,862.32,219.77,76.43999999999994,55.87999999999997,1,1,1.0
124,2,208.94,255.16,95.14999999999998,40.54999999999998,1,1,1.0
124,4,141.08,298.72,415.52,202.19,1,1,1.0
124,5,169.22,290.19,118.26000000000002,40.56999999999999,1,1,1.0
124,7,420.9,267.8,110.20000000000005,39.27999999999997,1,1,1.0
124,6,856.42,220.05,77.2700000000001,56.15999999999997,1,1,1.0
125,2,209.01,255.2,95.07,40.55000000000001,1,1,1.0
125,4,116.4,301.46,426.5,206.31,1,1,1.0
125,5,151.89,291.84,119.90000000000003,40.76000000000005,1,1,1.0
125,7,406.23,268.59,111.16999999999996,40.25,1,1,1.0
125,6,850.52,220.33,78.10000000000002,56.42999999999998,1,1,1.0
126,2,209.09,255.24,94.98999999999998,40.55000000000001,1,1,1.0
126,4,91.72,304.2,437.48,210.42000000000002,1,1,1.0
126,5,134.55,293.5,121.55000000000001,40.94,1,1,1.0
126,7,391.57,269.39,112.13,41.19999999999999,1,1,1.0
126,6,844.61,220.6,78.93999999999994,56.71000000000001,1,1,1.0
127,2,209.16,255.28,94.91999999999999,40.54999999999998,1,1,1.0
127,4,62.0,307.38,451.34000000000003,212.32000000000005,1,1,1.0
127,5,115.92,295.16,123.2,40.94,1,1,1.0
127,7,376.9,270.03,112.92000000000002,42.32000000000005,1,1,1.0
127,6,838.71,220.88,79.76999999999998,56.99000000000001,1,1,1.0
128,2,209.23,255.32,94.85,40.55000000000001,1,1,1.0
128,4,35.2,310.56,462.28000000000003,214.20999999999998,1,1,1.0
128,5,97.29,296.82,124.84999999999998,40.94,1,1,1.0
128,7,362.23,270.68,113.70999999999998,43.44,1,1,1.0
128,6,832.81,221.16,80.60000000000002,57.26000000000002,1,1,1.0
129,2,209.3,255.36,94.77999999999997,40.55000000000001,1,1,1.0
129,4,4.5,313.74,477.12,216.11,1,1,1.0
129,5,78.66,298.48,126.5,40.94,1,1,1.0
129,7,347.56,271.32,114.5,44.56,1,1,1.0
129,6,826.91,221.44,81.43000000000006,57.53000000000003,1,1,1.0
130,2,209.37,255.4,94.70999999999998,40.54999999999998,1,1,1.0
130,4,2.51,316.92,463.25,217.99999999999994,1,1,1.0
130,5,60.03,300.14,128.15,40.94999999999999,1,1,1.0
130,7,332.9,271.96,115.28000000000003,45.68000000000001,1,1,1.0
130,6,821.0,221.72,82.26999999999998,57.809999999999974,1,1,1.0
131,2,209.44,255.43,94.63999999999999,40.56,1,1,1.0
131,4,0.51,320.1,449.39,219.89999999999998,1,1,1.0
131,5,41.4,301.8,129.79999999999998,40.94999999999999,1,1,1.0
131,7,318.23,272.6,116.07,46.799999999999955,1,1,1.0
131,6,815.1,222.0,83.10000000000002,58.079999999999984,1,1,1.0
132,2,209.51,255.47,94.57,40.54999999999998,1,1,1.0
132,4,0.51,322.48,432.73,217.51999999999998,1,1,1.0
132,5,23.1,302.91,130.58,45.19,1,1,1.0
132,7,302.13,273.4,117.35000000000002,47.59000000000003,1,1,1.0
132,6,807.91,222.46,84.20000000000005,58.45000000000002,1,1,1.0
133,2,209.58,255.51,94.49999999999997,40.55000000000001,1,1,1.0
133,4,0.51,324.86,416.07,215.14,1,1,1.0
133,5,5.9,304.01,130.26,44.129999999999995,1,1,1.0
133,7,286.03,274.2,118.63000000000005,48.389999999999986,1,1,1.0
133,6,800.71,222.92,85.30999999999995,58.82000000000002,1,1,1.0
134,2,209.66,255.55,94.41999999999999,40.55000000000001,1,1,1.0
134,4,0.51,327.24,399.41,212.76,1,1,1.0
134,5,0.0,305.12,117.2,45.879999999999995,1,1,1.0
134,7,269.93,275.0,119.90999999999997,49.18000000000001,1,1,1.0
134,6,793.52,223.38,86.40999999999997,59.19,1,1,1.0
135,2,209.73,255.59,94.34,40.54999999999998,1,1,1.0
135,4,0.51,329.62,382.75,210.38,1,1,1.0
135,5,0.0,307.66,101.8,43.40999999999997,1,1,1.0
135,7,253.82,275.8,121.19999999999999,49.97999999999996,1,1,1.0
135,6,786.32,223.84,87.51999999999998,59.559999999999974,1,1,1.0
136,2,209.8,255.63,94.26999999999998,40.55000000000001,1,1,1.0
136,4,0.51,332.0,366.09000000000003,208.0,1,1,1.0
136,5,0.0,307.33,83.6,40.94999999999999,1,1,1.0
136,7,237.72,276.6,122.47999999999999,50.76999999999998,1,1,1.0
136,6,779.13,224.3,88.62,59.93000000000001,1,1,1.0
137,2,209.87,255.86,94.19999999999999,40.55000000000001,1,1,1.0
137,4,0.51,335.96,346.27,204.04000000000002,1,1,1.0
137,5,0.0,310.1,63.3,40.94999999999999,1,1,1.0
137,7,220.98,277.72,124.22999999999999,51.39999999999998,1,1,1.0
137,6,771.94,224.76,89.71999999999991,60.30000000000001,1,1,1.0
138,2,209.94,256.09,94.13,40.55000000000001,1,1,1.0
138,4,0.51,339.92,326.45,200.07999999999998,1,1,1.0
138,5,0.0,311.02,43.0,40.950000000000045,1,1,1.0
138,7,204.23,278.83,126.00000000000003,52.03000000000003,1,1,1.0
138,6,764.74,225.22,90.83000000000004,60.66999999999999,1,1,1.0
139,2,210.01,256.32,94.06,40.55000000000001,1,1,1.0
139,4,0.51,343.88,306.63,196.12,1,1,1.0
139,5,0.0,317.44,27.3,39.139999999999986,1,1,1.0
139,7,187.49,279.95,127.75,52.660000000000025,1,1,1.0
139,6,757.55,225.68,91.93000000000006,61.04000000000002,1,1,1.0
140,2,210.08,256.55,93.98999999999998,40.55000000000001,1,1,1.0
140,4,0.51,347.84,286.81,192.16000000000003,1,1,1.0
140,5,0.0,324.9,6.4,22.80000000000001,1,1,1.0
140,7,170.74,281.06,129.51999999999998,53.29000000000002,1,1,1.0
140,6,750.35,226.14,93.03999999999996,61.410000000000025,1,1,1.0
140,8,724.1,491.78,138.10000000000002,48.22000000000003,1,1,1.0
141,2,210.15,256.78,93.91999999999999,40.55000000000001,1,1,1.0
141,4,0.51,351.8,266.99,188.2,1,1,1.0
141,7,154.0,282.18,131.26999999999998,53.920000000000016,1,1,1.0
141,6,743.16,226.6,94.13999999999999,61.78,1,1,1.0
141,8,733.6,486.98,135.89999999999998,53.01999999999998,1,1,1.0
142,2,210.15,256.85,93.91999999999999,40.56,1,1,1.0
142,4,0.51,355.6,243.19,184.39999999999998,1,1,1.0
142,7,136.81,283.14,132.25,54.19999999999999,1,1,1.0
142,6,734.77,226.88,95.34000000000003,62.24000000000001,1,1,1.0
142,8,744.9,481.0,133.10000000000002,59.0,1,1,1.0
143,2,210.15,256.93,93.91999999999999,40.55000000000001,1,1,1.0
143,4,0.51,359.4,219.39000000000001,180.60000000000002,1,1,1.0
143,7,119.61,284.09,133.23000000000002,54.49000000000001,1,1,1.0
143,6,726.38,227.16,96.53999999999996,62.70000000000002,1,1,1.0
143,8,755.5,475.6,129.20000000000005,64.10000000000002,1,1,1.0
144,2,210.15,257.0,93.91999999999999,40.55000000000001,1,1,1.0
144,4,0.51,363.2,195.59,176.8,1,1,1.0
144,7,102.42,285.05,134.20999999999998,54.76999999999998,1,1,1.0
144,6,717.98,227.44,97.75,63.14999999999998,1,1,1.0
144,8,766.2,470.8,127.59999999999991,69.19999999999999,1,1,1.0
145,2,210.15,257.07,93.91999999999999,40.55000000000001,1,1,1.0
145,4,0.51,367.0,171.79000000000002,173.0,1,1,1.0
145,7,85.23,286.01,135.18,55.05000000000001,1,1,1.0
145,6,709.59,227.72,98.94999999999993,63.609999999999985,1,1,1.0
145,8,776.3,466.0,125.40000000000009,74.0,1,1,1.0
146,2,210.15,257.14,93.91999999999999,40.55000000000001,1,1,1.0
146,4,0.51,370.8,147.99,169.2,1,1,1.0
146,7,68.04,286.96,136.15999999999997,55.34000000000003,1,1,1.0
146,6,701.2,228.0,100.14999999999998,64.07,1,1,1.0
146,8,786.4,461.2,122.60000000000002,78.40000000000003,1,1,1.0
147,2,210.15,257.21,93.91999999999999,40.55000000000001,1,1,1.0
147,4,0.51,376.53,121.21,163.47000000000003,1,1,1.0
147,7,47.1,288.29,139.70000000000002,55.98999999999995,1,1,1.0
147,6,692.8,228.28,101.36000000000001,64.53,1,1,1.0
147,8,795.43,456.85,120.12,79.75,1,1,1.0
148,2,210.15,257.28,93.91999999999999,40.55000000000001,1,1,1.0
148,4,0.51,382.25,94.44,157.75,1,1,1.0
148,7,29.2,289.62,141.4,56.64999999999998,1,1,1.0
148,6,684.41,228.56,102.56000000000006,64.99000000000001,1,1,1.0
148,8,804.46,452.5,119.06999999999994,79.63,1,1,1.0
149,2,210.15,257.35,93.91999999999999,40.56,1,1,1.0
149,4,0.51,387.98,67.66,152.01999999999998,1,1,1.0
149,7,10.9,290.95,144.7,57.30000000000001,1,1,1.0
149,6,676.02,228.84,103.75999999999999,65.43999999999997,1,1,1.0
149,8,813.5,448.15,118.01999999999998,79.51999999999998,1,1,1.0
150,2,210.15,257.43,93.91999999999999,40.55000000000001,1,1,1.0
150,4,0.51,393.7,40.89,146.3,1,1,1.0
150,7,0.0,292.27,136.95,57.960000000000036,1,1,1.0
150,6,667.63,229.12,104.96000000000004,65.89999999999998,1,1,1.0
150,8,822.53,443.8,116.97000000000003,79.40000000000003,1,1,1.0
151,2,210.15,257.5,93.91999999999999,40.55000000000001,1,1,1.0
151,4,0.51,407.1,14.09,132.89999999999998,1,1,1.0
151,7,0.27,293.6,118.03,58.620000000000005,1,1,1.0
151,6,659.23,229.4,106.16999999999996,66.35999999999999,1,1,1.0
151,8,830.64,439.75,113.86000000000001,79.01999999999998,1,1,1.0
152,2,210.15,257.57,93.91999999999999,40.55000000000001,1,1,1.0
152,7,0.21,294.84,100.07000000000001,58.120000000000005,1,1,1.0
152,6,649.36,229.77,107.54999999999995,66.81999999999996,1,1,1.0
152,8,838.75,435.7,110.75,78.65000000000003,1,1,1.0
153,2,210.15,257.64,93.91999999999999,40.55000000000001,1,1,1.0
153,7,0.16,296.08,82.10000000000001,57.620000000000005,1,1,1.0
153,6,639.5,230.14,108.91999999999996,67.28000000000003,1,1,1.0
153,8,846.87,431.65,107.88,78.27000000000004,1,1,1.0
154,2,210.15,257.71,93.91999999999999,40.55000000000001,1,1,1.0
154,7,0.11,297.32,64.13,57.120000000000005,1,1,1.0
154,6,629.63,230.51,110.29999999999995,67.74000000000001,1,1,1.0
154,8,854.98,427.6,105.01999999999998,77.89999999999998,1,1,1.0
155,2,210.15,257.78,93.91999999999999,40.55000000000001,1,1,1.0
155,7,0.05,298.56,46.17,56.620000000000005,1,1,1.0
155,6,619.76,230.88,111.68000000000006,68.19999999999999,1,1,1.0
155,8,863.1,423.55,96.89999999999998,77.51999999999998,1,1,1.0
156,2,210.15,257.85,93.91999999999999,40.56,1,1,1.0
156,7,0.0,299.8,28.2,56.120000000000005,1,1,1.0
156,6,609.89,231.25,113.06000000000006,68.66000000000003,1,1,1.0
156,8,871.21,419.5,88.78999999999996,77.14999999999998,1,1,1.0
157,2,210.15,257.93,93.91999999999999,40.55000000000001,1,1,1.0
157,7,0.0,304.6,8.4,48.89999999999998,1,1,1.0
157,6,600.02,231.62,114.44000000000005,69.12,1,1,1.0
157,8,877.4,415.88,82.60000000000002,76.34000000000003,1,1,1.0
158,2,210.15,258.0,93.91999999999999,40.55000000000001,1,1,1.0
158,6,590.15,231.99,115.82000000000005,69.57999999999998,1,1,1.0
158,8,883.6,412.26,76.39999999999998,75.54000000000002,1,1,1.0
159,2,210.15,258.07,93.91999999999999,40.55000000000001,1,1,1.0
159,6,580.29,232.36,117.19000000000005,70.03999999999996,1,1,1.0
159,8,889.8,408.64,70.20000000000005,74.73000000000002,1,1,1.0
160,2,210.15,258.14,93.91999999999999,40.55000000000001,1,1,1.0
160,6,570.42,232.73,118.57000000000005,70.50000000000003,1,1,1.0
160,8,895.99,405.02,64.00999999999999,73.92000000000002,1,1,1.0
161,2,210.15,258.21,93.91999999999999,40.55000000000001,1,1,1.0
161,6,560.55,233.1,119.95000000000005,70.96000000000001,1,1,1.0
161,8,902.19,401.4,57.809999999999945,73.12,1,1,1.0
162,2,210.04,258.21,93.89000000000001,40.460000000000036,1,1,1.0
162,6,549.3,233.65,121.15000000000009,71.41999999999999,1,1,1.0
162,8,908.09,398.82,51.90999999999997,70.53000000000003,1,1,1.0
163,2,209.93,258.21,93.87,40.379999999999995,1,1,1.0
163,6,538.04,234.2,122.36000000000001,71.88999999999999,1,1,1.0
163,8,913.99,396.24,46.00999999999999,67.94999999999999,1,1,1.0
164,2,209.82,258.21,93.85000000000002,40.29000000000002,1,1,1.0
164,6,526.79,234.75,123.56000000000006,72.35000000000002,1,1,1.0
164,8,919.9,393.66,40.10000000000002,65.36999999999995,1,1,1.0
165,2,209.7,258.21,93.82999999999998,40.200000000000045,1,1,1.0
165,6,515.54,235.3,124.75999999999999,72.82,1,1,1.0
165,8,925.8,391.08,34.200000000000045,62.78000000000003,1,1,1.0
166,2,209.59,258.21,93.80999999999997,40.110000000000014,1,1,1.0
166,6,504.29,235.85,125.95999999999998,73.28,1,1,1.0
166,8,931.7,388.5,28.299999999999955,60.19999999999999,1,1,1.0
167,2,209.48,258.21,93.78999999999999,40.02000000000004,1,1,1.0
167,6,493.04,236.4,127.16000000000003,73.74999999999997,1,1,1.0
167,8,936.12,388.5,23.879999999999995,56.51999999999998,1,1,1.0
168,2,209.36,258.21,93.76999999999998,39.94,1,1,1.0
168,6,481.79,236.95,128.35999999999996,74.21000000000004,1,1,1.0
168,8,940.54,388.5,19.460000000000036,52.839999999999975,1,1,1.0
169,2,209.25,258.21,93.75,39.85000000000002,1,1,1.0
169,6,470.53,237.5,129.57000000000005,74.68,1,1,1.0
169,8,944.96,388.5,15.039999999999964,49.160000000000025,1,1,1.0
170,2,209.14,258.21,93.73000000000002,39.76000000000005,1,1,1.0
170,6,459.28,238.05,130.76999999999998,75.13999999999999,1,1,1.0
170,8,949.38,388.5,10.620000000000005,45.48000000000002,1,1,1.0
171,2,209.03,258.21,93.70000000000002,39.670000000000016,1,1,1.0
171,6,448.03,238.6,131.97000000000003,75.6,1,1,1.0
171,8,953.8,388.5,6.2000000000000455,41.80000000000001,1,1,1.0
172,2,208.91,258.21,93.69000000000003,39.58000000000004,1,1,1.0
172,6,436.67,238.93,132.42000000000002,75.94,1,1,1.0
173,2,208.8,258.21,93.67000000000002,39.49000000000001,1,1,1.0
173,6,425.3,239.26,132.87999999999994,76.26999999999998,1,1,1.0
174,2,208.69,258.21,93.63999999999999,39.410000000000025,1,1,1.0
174,6,413.94,239.59,133.32999999999998,76.6,1,1,1.0
175,2,208.58,258.21,93.61999999999998,39.31999999999999,1,1,1.0
175,6,402.58,239.92,133.78000000000003,76.93000000000004,1,1,1.0
176,2,208.46,258.21,93.60999999999999,39.23000000000002,1,1,1.0
176,6,391.21,240.25,134.24000000000007,77.25999999999999,1,1,1.0
177,2,208.35,258.21,93.58000000000001,39.14000000000004,1,1,1.0
177,6,379.85,240.58,134.68999999999994,77.59,1,1,1.0
178,2,208.24,258.21,93.56,39.05000000000001,1,1,1.0
178,6,368.49,240.91,135.14,77.91999999999999,1,1,1.0
179,2,208.13,258.21,93.54000000000002,38.97000000000003,1,1,1.0
179,6,357.13,241.24,135.59000000000003,78.25,1,1,1.0
180,2,208.01,258.21,93.51999999999998,38.879999999999995,1,1,1.0
180,6,345.76,241.57,136.05,78.57999999999998,1,1,1.0
181,2,207.9,258.21,93.49999999999997,38.79000000000002,1,1,1.0
181,6,334.4,241.9,136.5,78.91999999999999,1,1,1.0
182,2,207.9,258.21,93.49999999999997,38.79000000000002,1,1,1.0
182,6,322.92,242.41,137.32,79.33000000000001,1,1,1.0
183,2,207.9,258.21,93.49999999999997,38.79000000000002,1,1,1.0
183,6,311.45,242.92,138.14,79.74000000000004,1,1,1.0
184,2,207.9,258.21,93.49999999999997,38.79000000000002,1,1,1.0
184,6,299.97,243.43,138.95999999999998,80.14999999999998,1,1,1.0
185,2,207.9,258.21,93.49999999999997,38.79000000000002,1,1,1.0
185,6,288.49,243.94,139.78999999999996,80.56,1,1,1.0
186,2,207.9,258.21,93.49999999999997,38.79000000000002,1,1,1.0
186,6,277.01,244.46,140.61,80.97,1,1,1.0
187,2,207.9,258.21,93.49999999999997,38.79000000000002,1,1,1.0
187,6,265.54,244.97,141.43,81.38000000000002,1,1,1.0
188,2,207.9,258.21,93.49999999999997,38.79000000000002,1,1,1.0
188,6,254.06,245.48,142.25,81.78999999999999,1,1,1.0
189,2,207.9,258.21,93.49999999999997,38.79000000000002,1,1,1.0
189,6,242.58,245.99,143.08,82.19999999999999,1,1,1.0
190,2,207.9,258.21,93.49999999999997,38.79000000000002,1,1,1.0
190,6,231.1,246.5,143.9,82.62,1,1,1.0
